0.00 0.03 0.02 1.79 1.83 1.90 2.39 2.38 2.36 2.28 2.17 2.17 2.39 2.54 2.51 2.39 2.40 2.53 2.05 2.11 2.01 2.47 2.66 2.53 2.05 1.83 1.89 1.77 2.37 1.95
0.03 0.00 0.05 1.72 1.75 1.85 2.39 2.37 2.39 2.15 2.03 2.05 2.29 2.44 2.42 2.40 2.43 2.58 2.14 2.19 2.10 2.60 2.75 2.65 1.80 1.58 1.64 1.75 2.26 1.93
0.02 0.05 0.00 1.76 1.82 1.89 2.16 2.15 2.12 2.37 2.26 2.26 2.38 2.53 2.48 2.40 2.36 2.48 2.00 2.06 1.96 2.57 2.76 2.63 2.07 1.83 1.89 1.85 2.40 2.04
1.79 1.72 1.76 0.00 0.01 0.02 2.22 2.08 2.21 1.69 1.73 1.69 1.73 1.98 2.02 2.04 2.22 2.26 1.91 1.86 1.88 2.20 2.46 2.38 1.92 1.90 1.91 1.96 2.22 2.13
1.83 1.75 1.82 0.01 0.00 0.02 2.32 2.20 2.34 1.65 1.69 1.66 1.80 2.02 2.09 1.94 2.12 2.17 1.89 1.83 1.87 2.13 2.38 2.31 1.77 1.75 1.76 1.99 2.26 2.15
1.90 1.85 1.89 0.02 0.02 0.00 2.32 2.19 2.31 1.62 1.68 1.63 1.78 2.02 2.06 1.92 2.13 2.16 1.95 1.90 1.93 2.04 2.30 2.21 2.00 2.00 2.01 1.94 2.25 2.09
2.39 2.39 2.16 2.22 2.32 2.32 0.00 0.02 0.02 2.22 2.15 2.20 2.40 2.38 2.21 2.68 2.41 2.34 2.00 1.97 1.92 2.19 2.07 2.09 2.12 2.09 2.04 2.52 2.41 2.59
2.38 2.37 2.15 2.08 2.20 2.19 0.02 0.00 0.03 2.21 2.14 2.18 2.23 2.23 2.05 2.66 2.40 2.33 2.06 2.02 1.99 2.19 2.10 2.11 2.15 2.13 2.08 2.47 2.26 2.54
2.36 2.39 2.12 2.21 2.34 2.31 0.02 0.03 0.00 2.33 2.26 2.30 2.30 2.30 2.11 2.72 2.44 2.35 1.93 1.92 1.86 2.17 2.09 2.09 2.38 2.34 2.30 2.51 2.35 2.59
2.28 2.15 2.37 1.69 1.65 1.62 2.22 2.21 2.33 0.00 0.01 0.01 2.01 2.09 2.08 1.59 2.13 2.06 2.15 2.12 2.08 2.42 2.22 2.28 1.93 1.92 1.94 1.81 1.91 1.77
2.17 2.03 2.26 1.73 1.69 1.68 2.15 2.14 2.26 0.01 0.00 0.01 2.03 2.12 2.10 1.74 2.27 2.21 2.25 2.23 2.16 2.47 2.26 2.32 1.86 1.86 1.87 1.74 1.89 1.72
2.17 2.05 2.26 1.69 1.66 1.63 2.20 2.18 2.30 0.01 0.01 0.00 2.05 2.15 2.12 1.63 2.18 2.11 2.26 2.24 2.18 2.42 2.24 2.28 1.99 1.99 2.00 1.73 1.93 1.71
2.39 2.29 2.38 1.73 1.80 1.78 2.40 2.23 2.30 2.01 2.03 2.05 0.00 0.03 0.03 2.33 2.33 2.27 1.98 1.86 2.02 2.17 2.19 2.31 2.12 2.21 2.20 2.02 0.15 1.95
2.54 2.44 2.53 1.98 2.02 2.02 2.38 2.23 2.30 2.09 2.12 2.15 0.03 0.00 0.02 2.27 2.18 2.13 1.99 1.86 2.04 2.01 1.99 2.15 2.00 2.10 2.09 2.21 0.15 2.10
2.51 2.42 2.48 2.02 2.09 2.06 2.21 2.05 2.11 2.08 2.10 2.12 0.03 0.02 0.00 2.38 2.29 2.22 1.99 1.86 2.03 2.04 2.02 2.17 2.15 2.24 2.22 2.21 0.15 2.12
2.39 2.40 2.40 2.04 1.94 1.92 2.68 2.66 2.72 1.59 1.74 1.63 2.33 2.27 2.38 0.00 0.15 0.14 2.17 2.09 2.23 2.10 2.13 2.11 2.07 2.02 2.09 1.85 2.39 1.77
2.40 2.43 2.36 2.22 2.12 2.13 2.41 2.40 2.44 2.13 2.27 2.18 2.33 2.18 2.29 0.15 0.00 0.02 2.11 1.97 2.17 1.86 1.90 1.92 1.97 1.87 1.94 2.42 2.47 2.33
2.53 2.58 2.48 2.26 2.17 2.16 2.34 2.33 2.35 2.06 2.21 2.11 2.27 2.13 2.22 0.14 0.02 0.00 2.07 1.94 2.14 1.88 1.91 1.93 2.15 2.07 2.13 2.38 2.42 2.29
2.05 2.14 2.00 1.91 1.89 1.95 2.00 2.06 1.93 2.15 2.25 2.26 1.98 1.99 1.99 2.17 2.11 2.07 0.00 0.02 0.01 2.48 2.47 2.58 2.09 1.92 1.96 2.44 2.19 2.48
2.11 2.19 2.06 1.86 1.83 1.90 1.97 2.02 1.92 2.12 2.23 2.24 1.86 1.86 1.86 2.09 1.97 1.94 0.02 0.00 0.03 2.49 2.47 2.61 2.00 1.83 1.87 2.64 2.13 2.68
2.01 2.10 1.96 1.88 1.87 1.93 1.92 1.99 1.86 2.08 2.16 2.18 2.02 2.04 2.03 2.23 2.17 2.14 0.01 0.03 0.00 2.52 2.51 2.62 2.07 1.90 1.94 2.47 2.23 2.52
2.47 2.60 2.57 2.20 2.13 2.04 2.19 2.19 2.17 2.42 2.47 2.42 2.17 2.01 2.04 2.10 1.86 1.88 2.48 2.49 2.52 0.00 0.05 0.03 2.30 2.47 2.41 2.66 2.11 2.50
2.66 2.75 2.76 2.46 2.38 2.30 2.07 2.10 2.09 2.22 2.26 2.24 2.19 1.99 2.02 2.13 1.90 1.91 2.47 2.47 2.51 0.05 0.00 0.03 2.08 2.26 2.20 2.73 2.04 2.53
2.53 2.65 2.63 2.38 2.31 2.21 2.09 2.11 2.09 2.28 2.32 2.28 2.31 2.15 2.17 2.11 1.92 1.93 2.58 2.61 2.62 0.03 0.03 0.00 2.25 2.44 2.37 2.53 2.15 2.35
2.05 1.80 2.07 1.92 1.77 2.00 2.12 2.15 2.38 1.93 1.86 1.99 2.12 2.00 2.15 2.07 1.97 2.15 2.09 2.00 2.07 2.30 2.08 2.25 0.00 0.04 0.02 2.07 1.88 2.04
1.83 1.58 1.83 1.90 1.75 2.00 2.09 2.13 2.34 1.92 1.86 1.99 2.21 2.10 2.24 2.02 1.87 2.07 1.92 1.83 1.90 2.47 2.26 2.44 0.04 0.00 0.00 2.24 2.04 2.24
1.89 1.64 1.89 1.91 1.76 2.01 2.04 2.08 2.30 1.94 1.87 2.00 2.20 2.09 2.22 2.09 1.94 2.13 1.96 1.87 1.94 2.41 2.20 2.37 0.02 0.00 0.00 2.23 2.02 2.22
1.77 1.75 1.85 1.96 1.99 1.94 2.52 2.47 2.51 1.81 1.74 1.73 2.02 2.21 2.21 1.85 2.42 2.38 2.44 2.64 2.47 2.66 2.73 2.53 2.07 2.24 2.23 0.00 1.62 0.02
2.37 2.26 2.40 2.22 2.26 2.25 2.41 2.26 2.35 1.91 1.89 1.93 0.15 0.15 0.15 2.39 2.47 2.42 2.19 2.13 2.23 2.11 2.04 2.15 1.88 2.04 2.02 1.62 0.00 1.50
1.95 1.93 2.04 2.13 2.15 2.09 2.59 2.54 2.59 1.77 1.72 1.71 1.95 2.10 2.12 1.77 2.33 2.29 2.48 2.68 2.52 2.50 2.53 2.35 2.04 2.24 2.22 0.02 1.50 0.00
